 &plot nbnd=  16, nks=    91 /
            0.500000  0.500000  0.500000
  -46.259  -18.241  -18.180  -18.180  -10.164   -0.103    2.018    2.018    9.941   13.671
   13.671   14.502   18.611   18.849   18.849   20.952
            0.475000  0.475000  0.475000
  -46.259  -18.241  -18.180  -18.180  -10.168   -0.091    2.021    2.021    9.943   13.676
   13.676   14.464   18.619   18.740   18.740   21.079
            0.450000  0.450000  0.450000
  -46.259  -18.239  -18.180  -18.180  -10.179   -0.054    2.027    2.027    9.950   13.691
   13.691   14.355   18.472   18.472   18.645   21.405
            0.425000  0.425000  0.425000
  -46.259  -18.238  -18.180  -18.180  -10.197    0.006    2.038    2.038    9.959   13.715
   13.715   14.187   18.131   18.131   18.689   21.704
            0.400000  0.400000  0.400000
  -46.259  -18.235  -18.180  -18.180  -10.221    0.090    2.052    2.052    9.970   13.749
   13.749   13.975   17.766   17.766   18.754   22.037
            0.375000  0.375000  0.375000
  -46.259  -18.232  -18.180  -18.180  -10.251    0.195    2.070    2.070    9.977   13.739
   13.790   13.790   17.402   17.402   18.838   22.424
            0.350000  0.350000  0.350000
  -46.260  -18.228  -18.179  -18.179  -10.286    0.320    2.091    2.091    9.976   13.496
   13.836   13.836   17.053   17.053   18.941   22.845
            0.325000  0.325000  0.325000
  -46.260  -18.224  -18.179  -18.179  -10.324    0.464    2.116    2.116    9.960   13.264
   13.884   13.884   16.727   16.727   19.060   23.242
            0.300000  0.300000  0.300000
  -46.260  -18.219  -18.179  -18.179  -10.365    0.623    2.142    2.142    9.920   13.061
   13.930   13.930   16.431   16.431   19.190   23.377
            0.275000  0.275000  0.275000
  -46.260  -18.214  -18.178  -18.178  -10.408    0.796    2.170    2.170    9.849   12.902
   13.969   13.969   16.173   16.173   19.326   22.990
            0.250000  0.250000  0.250000
  -46.260  -18.209  -18.178  -18.178  -10.452    0.979    2.199    2.199    9.740   12.798
   13.993   13.993   15.959   15.959   19.457   22.446
            0.225000  0.225000  0.225000
  -46.260  -18.204  -18.178  -18.178  -10.494    1.170    2.229    2.229    9.593   12.754
   13.996   13.996   15.798   15.798   19.564   21.918
            0.200000  0.200000  0.200000
  -46.260  -18.199  -18.178  -18.178  -10.535    1.363    2.258    2.258    9.416   12.766
   13.971   13.971   15.694   15.694   19.613   21.467
            0.175000  0.175000  0.175000
  -46.261  -18.194  -18.177  -18.177  -10.574    1.556    2.286    2.286    9.218   12.827
   13.921   13.921   15.643   15.643   19.551   21.158
            0.150000  0.150000  0.150000
  -46.261  -18.190  -18.177  -18.177  -10.609    1.744    2.312    2.312    9.012   12.926
   13.852   13.852   15.638   15.638   19.343   21.026
            0.125000  0.125000  0.125000
  -46.261  -18.186  -18.177  -18.177  -10.640    1.919    2.336    2.336    8.810   13.051
   13.774   13.774   15.664   15.664   19.037   21.027
            0.100000  0.100000  0.100000
  -46.261  -18.183  -18.177  -18.177  -10.667    2.076    2.356    2.356    8.625   13.187
   13.698   13.698   15.706   15.706   18.708   21.091
            0.075000  0.075000  0.075000
  -46.261  -18.180  -18.177  -18.177  -10.688    2.209    2.373    2.373    8.467   13.320
   13.632   13.632   15.754   15.754   18.406   21.170
            0.050000  0.050000  0.050000
  -46.261  -18.178  -18.176  -18.176  -10.703    2.310    2.385    2.385    8.347   13.434
   13.581   13.581   15.796   15.796   18.165   21.239
            0.025000  0.025000  0.025000
  -46.261  -18.177  -18.176  -18.176  -10.713    2.373    2.393    2.393    8.271   13.511
   13.549   13.549   15.824   15.824   18.010   21.287
            0.000000  0.000000  0.000000
  -46.261  -18.176  -18.176  -18.176  -10.716    2.395    2.395    2.395    8.245   13.538
   13.538   13.538   15.834   15.834   17.956   21.306
            0.033333  0.000000  0.000000
  -46.261  -18.176  -18.176  -18.176  -10.714    2.384    2.392    2.392    8.261   13.517
   13.547   13.547   15.818   15.838   17.988   21.313
            0.066667  0.000000  0.000000
  -46.261  -18.177  -18.176  -18.176  -10.708    2.352    2.385    2.385    8.306   13.455
   13.573   13.573   15.770   15.851   18.082   21.334
            0.100000  0.000000  0.000000
  -46.261  -18.178  -18.177  -18.177  -10.699    2.301    2.372    2.372    8.381   13.358
   13.617   13.617   15.692   15.871   18.234   21.369
            0.133333  0.000000  0.000000
  -46.261  -18.179  -18.177  -18.177  -10.687    2.231    2.355    2.355    8.482   13.232
   13.678   13.678   15.587   15.900   18.436   21.420
            0.166667  0.000000  0.000000
  -46.261  -18.181  -18.178  -18.178  -10.671    2.147    2.334    2.334    8.607   13.085
   13.756   13.756   15.458   15.937   18.681   21.484
            0.200000  0.000000  0.000000
  -46.261  -18.182  -18.178  -18.178  -10.652    2.050    2.308    2.308    8.753   12.922
   13.850   13.850   15.308   15.982   18.962   21.564
            0.233333  0.000000  0.000000
  -46.261  -18.184  -18.179  -18.179  -10.630    1.943    2.279    2.279    8.916   12.749
   13.959   13.959   15.143   16.034   19.275   21.658
            0.266667  0.000000  0.000000
  -46.261  -18.186  -18.179  -18.179  -10.605    1.829    2.247    2.247    9.094   12.571
   14.083   14.083   14.967   16.094   19.615   21.767
            0.300000  0.000000  0.000000
  -46.261  -18.189  -18.180  -18.180  -10.579    1.711    2.212    2.212    9.282   12.390
   14.221   14.221   14.783   16.162   19.977   21.889
            0.333333  0.000000  0.000000
  -46.260  -18.191  -18.180  -18.180  -10.550    1.590    2.175    2.175    9.477   12.211
   14.373   14.373   14.597   16.236   20.359   22.023
            0.366667  0.000000  0.000000
  -46.260  -18.193  -18.181  -18.181  -10.520    1.469    2.136    2.136    9.676   12.034
   14.412   14.537   14.537   16.317   20.759   22.169
            0.400000  0.000000  0.000000
  -46.260  -18.196  -18.182  -18.182  -10.489    1.349    2.096    2.096    9.873   11.862
   14.235   14.713   14.713   16.404   21.173   22.325
            0.433333  0.000000  0.000000
  -46.260  -18.198  -18.183  -18.183  -10.458    1.233    2.055    2.055   10.065   11.695
   14.070   14.899   14.899   16.496   21.602   22.486
            0.466667  0.000000  0.000000
  -46.260  -18.201  -18.183  -18.183  -10.426    1.120    2.015    2.015   10.245   11.535
   13.924   15.096   15.096   16.594   22.042   22.648
            0.500000  0.000000  0.000000
  -46.260  -18.203  -18.184  -18.184  -10.394    1.012    1.974    1.974   10.408   11.382
   13.805   15.303   15.303   16.695   22.493   22.794
            0.533333  0.000000  0.000000
  -46.260  -18.205  -18.185  -18.185  -10.362    0.911    1.934    1.934   10.547   11.238
   13.718   15.517   15.517   16.801   22.901   22.901
            0.566667  0.000000  0.000000
  -46.260  -18.207  -18.186  -18.186  -10.331    0.816    1.895    1.895   10.655   11.102
   13.672   15.740   15.740   16.909   22.930   22.930
            0.600000  0.000000  0.000000
  -46.259  -18.209  -18.187  -18.187  -10.302    0.728    1.858    1.858   10.728   10.975
   13.671   15.970   15.970   17.019   22.846   22.846
            0.633333  0.000000  0.000000
  -46.259  -18.210  -18.188  -18.188  -10.274    0.647    1.822    1.822   10.765   10.857
   13.715   16.207   16.207   17.129   22.658   22.658
            0.666667  0.000000  0.000000
  -46.259  -18.212  -18.188  -18.188  -10.247    0.573    1.788    1.788   10.749   10.769
   13.802   16.451   16.451   17.238   22.402   22.402
            0.700000  0.000000  0.000000
  -46.259  -18.213  -18.189  -18.189  -10.223    0.508    1.757    1.757   10.650   10.746
   13.923   16.700   16.700   17.345   22.110   22.110
            0.733333  0.000000  0.000000
  -46.259  -18.214  -18.190  -18.190  -10.200    0.450    1.729    1.729   10.562   10.705
   14.069   16.954   16.954   17.448   21.801   21.801
            0.766667  0.000000  0.000000
  -46.259  -18.215  -18.190  -18.190  -10.180    0.399    1.703    1.703   10.483   10.652
   14.231   17.212   17.212   17.545   21.485   21.485
            0.800000  0.000000  0.000000
  -46.259  -18.216  -18.191  -18.191  -10.163    0.356    1.680    1.680   10.415   10.595
   14.398   17.475   17.475   17.635   21.169   21.169
            0.833333  0.000000  0.000000
  -46.259  -18.217  -18.192  -18.192  -10.148    0.319    1.661    1.661   10.357   10.540
   14.562   17.715   17.740   17.740   20.855   20.855
            0.866667  0.000000  0.000000
  -46.259  -18.217  -18.192  -18.192  -10.135    0.290    1.645    1.645   10.310   10.489
   14.713   17.784   18.007   18.007   20.547   20.547
            0.900000  0.000000  0.000000
  -46.259  -18.217  -18.192  -18.192  -10.126    0.268    1.632    1.632   10.273   10.447
   14.842   17.840   18.271   18.271   20.250   20.250
            0.933333  0.000000  0.000000
  -46.259  -18.218  -18.193  -18.193  -10.119    0.252    1.623    1.623   10.247   10.415
   14.941   17.881   18.524   18.524   19.973   19.973
            0.966667  0.000000  0.000000
  -46.259  -18.218  -18.193  -18.193  -10.114    0.242    1.618    1.618   10.231   10.396
   15.003   17.906   18.740   18.740   19.743   19.743
            1.000000  0.000000  0.000000
  -46.259  -18.219  -18.193  -18.193  -10.113    0.239    1.616    1.616   10.225   10.389
   15.024   17.915   18.838   18.838   19.640   19.640
            1.005000 -0.030000  0.030000
  -46.259  -18.218  -18.193  -18.193  -10.112    0.244    1.602    1.618   10.245   10.409
   14.998   17.796   18.785   18.967   19.618   19.674
            1.010000 -0.060000  0.060000
  -46.258  -18.218  -18.194  -18.192  -10.111    0.258    1.561    1.623   10.294   10.476
   14.919   17.544   18.643   19.245   19.561   19.768
            1.015000 -0.090000  0.090000
  -46.258  -18.217  -18.195  -18.192  -10.108    0.282    1.495    1.632   10.355   10.602
   14.796   17.256   18.442   19.383   19.658   19.912
            1.020000 -0.120000  0.120000
  -46.258  -18.216  -18.197  -18.192  -10.105    0.315    1.409    1.645   10.425   10.787
   14.637   16.966   18.211   19.248   20.017   20.095
            1.025000 -0.150000  0.150000
  -46.258  -18.215  -18.199  -18.191  -10.101    0.356    1.308    1.661   10.504   11.018
   14.451   16.683   17.972   19.059   20.309   20.410
            1.030000 -0.180000  0.180000
  -46.258  -18.214  -18.201  -18.190  -10.097    0.405    1.199    1.680   10.594   11.283
   14.247   16.413   17.741   18.838   20.544   20.817
            1.035000 -0.210000  0.210000
  -46.258  -18.213  -18.204  -18.190  -10.095    0.461    1.087    1.702   10.696   11.567
   14.033   16.157   17.535   18.593   20.792   21.233
            1.040000 -0.240000  0.240000
  -46.259  -18.212  -18.206  -18.189  -10.093    0.520    0.980    1.727   10.808   11.855
   13.818   15.917   17.370   18.331   21.040   21.654
            1.045000 -0.270000  0.270000
  -46.259  -18.213  -18.207  -18.188  -10.093    0.574    0.891    1.755   10.927   12.128
   13.608   15.695   17.263   18.058   21.273   22.078
            1.050000 -0.300000  0.300000
  -46.259  -18.214  -18.206  -18.186  -10.095    0.599    0.846    1.785   11.049   12.363
   13.412   15.491   17.233   17.779   21.455   22.343
            1.048333 -0.323333  0.323333
  -46.259  -18.216  -18.205  -18.186  -10.099    0.594    0.847    1.809   11.143   12.507
   13.278   15.355   17.265   17.546   21.562   22.330
            1.046667 -0.346667  0.346667
  -46.259  -18.218  -18.204  -18.185  -10.104    0.565    0.884    1.834   11.233   12.610
   13.157   15.231   17.312   17.363   21.547   22.388
            1.045000 -0.370000  0.370000
  -46.259  -18.219  -18.202  -18.184  -10.112    0.530    0.940    1.860   11.314   12.671
   13.052   15.119   17.080   17.528   21.403   22.518
            1.043333 -0.393333  0.393333
  -46.259  -18.220  -18.201  -18.183  -10.122    0.499    1.006    1.887   11.379   12.691
   12.971   15.020   16.849   17.760   21.168   22.656
            1.041667 -0.416667  0.416667
  -46.259  -18.221  -18.200  -18.182  -10.135    0.477    1.078    1.915   11.422   12.675
   12.921   14.933   16.623   18.053   20.874   22.653
            1.040000 -0.440000  0.440000
  -46.259  -18.221  -18.198  -18.182  -10.151    0.465    1.153    1.943   11.435   12.629
   12.910   14.858   16.401   18.399   20.538   22.496
            1.038333 -0.463333  0.463333
  -46.259  -18.222  -18.197  -18.181  -10.169    0.465    1.231    1.972   11.415   12.565
   12.936   14.796   16.185   18.790   20.176   22.314
            1.036667 -0.486667  0.486667
  -46.259  -18.222  -18.195  -18.180  -10.189    0.478    1.310    2.001   11.360   12.496
   12.994   14.747   15.975   19.219   19.797   22.136
            1.035000 -0.510000  0.510000
  -46.259  -18.221  -18.194  -18.180  -10.213    0.503    1.389    2.030   11.274   12.428
   13.078   14.710   15.772   19.408   19.682   21.969
            1.033333 -0.533333  0.533333
  -46.259  -18.220  -18.192  -18.179  -10.238    0.542    1.469    2.058   11.162   12.368
   13.180   14.685   15.578   19.020   20.167   21.812
            1.031667 -0.556667  0.556667
  -46.259  -18.219  -18.191  -18.179  -10.265    0.593    1.548    2.086   11.029   12.320
   13.294   14.671   15.393   18.635   20.670   21.669
            1.030000 -0.580000  0.580000
  -46.259  -18.217  -18.189  -18.178  -10.295    0.656    1.625    2.114   10.879   12.287
   13.414   14.667   15.219   18.259   21.164   21.556
            1.028333 -0.603333  0.603333
  -46.260  -18.215  -18.188  -18.178  -10.326    0.732    1.702    2.141   10.715   12.270
   13.535   14.668   15.061   17.895   21.336   21.753
            1.026667 -0.626667  0.626667
  -46.260  -18.213  -18.187  -18.177  -10.357    0.818    1.775    2.168   10.542   12.269
   13.653   14.659   14.934   17.550   21.229   21.804
            1.025000 -0.650000  0.650000
  -46.260  -18.210  -18.186  -18.177  -10.390    0.915    1.846    2.193   10.361   12.285
   13.762   14.606   14.871   17.226   21.099   21.655
            1.023333 -0.673333  0.673333
  -46.260  -18.207  -18.184  -18.177  -10.423    1.021    1.914    2.217   10.175   12.317
   13.859   14.502   14.879   16.927   20.954   21.512
            1.021667 -0.696667  0.696667
  -46.260  -18.204  -18.183  -18.177  -10.456    1.135    1.979    2.241    9.986   12.366
   13.938   14.383   14.923   16.660   20.782   21.394
            1.020000 -0.720000  0.720000
  -46.260  -18.201  -18.182  -18.176  -10.489    1.255    2.039    2.262    9.796   12.431
   13.994   14.264   14.985   16.428   20.578   21.305
            1.018333 -0.743333  0.743333
  -46.260  -18.198  -18.181  -18.176  -10.520    1.381    2.095    2.283    9.605   12.510
   14.024   14.151   15.059   16.236   20.341   21.243
            1.016667 -0.766667  0.766667
  -46.260  -18.195  -18.181  -18.176  -10.551    1.510    2.147    2.302    9.418   12.602
   14.025   14.047   15.141   16.085   20.076   21.205
            1.015000 -0.790000  0.790000
  -46.261  -18.192  -18.180  -18.176  -10.579    1.639    2.194    2.319    9.234   12.706
   13.952   13.997   15.230   15.976   19.792   21.185
            1.013333 -0.813333  0.813333
  -46.261  -18.189  -18.179  -18.176  -10.606    1.768    2.236    2.335    9.058   12.819
   13.866   13.947   15.322   15.903   19.497   21.181
            1.011667 -0.836667  0.836667
  -46.261  -18.186  -18.178  -18.176  -10.631    1.892    2.273    2.349    8.890   12.938
   13.789   13.881   15.416   15.859   19.203   21.189
            1.010000 -0.860000  0.860000
  -46.261  -18.184  -18.178  -18.176  -10.652    2.010    2.306    2.361    8.736   13.061
   13.723   13.808   15.508   15.836   18.920   21.205
            1.008333 -0.883333  0.883333
  -46.261  -18.182  -18.177  -18.176  -10.671    2.118    2.333    2.371    8.596   13.181
   13.667   13.735   15.596   15.827   18.657   21.226
            1.006667 -0.906667  0.906667
  -46.261  -18.180  -18.177  -18.176  -10.687    2.212    2.355    2.380    8.476   13.294
   13.621   13.669   15.674   15.825   18.423   21.249
            1.005000 -0.930000  0.930000
  -46.261  -18.178  -18.177  -18.176  -10.699    2.289    2.373    2.386    8.378   13.393
   13.585   13.614   15.741   15.827   18.228   21.270
            1.003333 -0.953333  0.953333
  -46.261  -18.177  -18.176  -18.176  -10.709    2.347    2.385    2.391    8.305   13.471
   13.559   13.572   15.791   15.831   18.080   21.287
            1.001667 -0.976667  0.976667
  -46.261  -18.176  -18.176  -18.176  -10.714    2.383    2.393    2.394    8.260   13.521
   13.543   13.547   15.823   15.833   17.988   21.302
            1.000000 -1.000000  1.000000
  -46.261  -18.176  -18.176  -18.176  -10.716    2.395    2.395    2.395    8.245   13.538
   13.538   13.538   15.834   15.834   17.956   21.306
